0.1 -5.5 5.44e-06
0.1 -5.4 5.95e-06
0.1 -5.3 6.51e-06
0.1 -5.2 7.08e-06
0.1 -5.1 7.68e-06
0.1 -5 8.31e-06
0.1 -4.9 8.98e-06
0.1 -4.8 9.68e-06
0.1 -4.7 1.04e-05
0.1 -4.6 1.12e-05
0.1 -4.5 1.2e-05
0.1 -4.4 1.29e-05
0.1 -4.3 1.38e-05
0.1 -4.2 1.47e-05
0.1 -4.1 1.57e-05
0.1 -4 1.67e-05
0.1 -3.9 1.78e-05
0.1 -3.8 1.89e-05
0.1 -3.7 2.01e-05
0.1 -3.6 2.13e-05
0.1 -3.5 2.26e-05
0.1 -3.4 2.39e-05
0.1 -3.3 2.53e-05
0.1 -3.2 2.67e-05
0.1 -3.1 2.82e-05
0.1 -3 2.97e-05
0.1 -2.9 3.13e-05
0.1 -2.8 3.29e-05
0.1 -2.7 3.46e-05
0.1 -2.6 3.63e-05
0.1 -2.5 3.81e-05
0.1 -2.4 3.99e-05
0.1 -2.3 4.18e-05
0.1 -2.2 4.38e-05
0.1 -2.1 4.58e-05
0.1 -2 4.8e-05
0.1 -1.9 5.03e-05
0.1 -1.8 5.25e-05
0.1 -1.7 5.49e-05
0.1 -1.6 5.73e-05
0.1 -1.5 5.98e-05
0.1 -1.4 6.25e-05
0.1 -1.3 6.53e-05
0.1 -1.2 6.81e-05
0.1 -1.1 7.11e-05
0.1 -1 7.43e-05
0.1 -0.9 7.75e-05
0.1 -0.8 8.09e-05
0.1 -0.7 8.44e-05
0.1 -0.6 8.81e-05
0.1 -0.5 9.18e-05
0.1 -0.4 9.57e-05
0.1 -0.3 9.96e-05
0.1 -0.2 0.000104
0.1 -0.1 0.000108
0.1 0 0.000112
0.1 0.1 0.000116
0.1 0.2 0.00012
0.1 0.3 0.000124
0.1 0.4 0.000128
0.1 0.5 0.000132
0.1 0.6 0.000136
0.1 0.7 0.000141
0.1 0.8 0.000144
0.1 0.9 0.000148
0.1 1 0.000152
0.1 1.1 0.000156
0.1 1.2 0.00016
0.1 1.3 0.000164
0.1 1.4 0.000167
0.1 1.5 0.000171
0.1 1.6 0.000175
0.1 1.7 0.000178
0.1 1.8 0.000182
0.1 1.9 0.000185
0.1 2 0.000189
0.1 2.1 0.000192
0.1 2.2 0.000196
0.1 2.3 0.0002
0.1 2.4 0.000203
0.1 2.5 0.000207
0.1 2.6 0.00021
0.1 2.7 0.000214
0.1 2.8 0.000218
0.1 2.9 0.000222
0.1 3 0.000225
0.1 3.1 0.000229
0.1 3.2 0.000233
0.1 3.3 0.000236
0.1 3.4 0.00024
0.1 3.5 0.000244
0.1 3.6 0.000247
0.1 3.7 0.00025
0.1 3.8 0.000254
0.1 3.9 0.000257
0.1 4 0.00026
0.1 4.1 0.000263
0.1 4.2 0.000266
0.1 4.3 0.000269
0.1 4.4 0.000272
0.1 4.5 0.000275
0.1 4.6 0.000278
0.1 4.7 0.000281
0.1 4.8 0.000284
0.1 4.9 0.000287
0.1 5 0.000289
0.1 5.1 0.000292
0.1 5.2 0.000295
0.1 5.3 0.000298
0.1 5.4 0.0003
0.1 5.5 0.000303
0.2 -5.5 5.8e-06
0.2 -5.4 6.3e-06
0.2 -5.3 6.85e-06
0.2 -5.2 7.45e-06
0.2 -5.1 8.05e-06
0.2 -5 8.7e-06
0.2 -4.9 9.35e-06
0.2 -4.8 1.005e-05
0.2 -4.7 1.08e-05
0.2 -4.6 1.155e-05
0.2 -4.5 1.24e-05
0.2 -4.4 1.325e-05
0.2 -4.3 1.415e-05
0.2 -4.2 1.51e-05
0.2 -4.1 1.615e-05
0.2 -4 1.72e-05
0.2 -3.9 1.83e-05
0.2 -3.8 1.945e-05
0.2 -3.7 2.065e-05
0.2 -3.6 2.19e-05
0.2 -3.5 2.32e-05
0.2 -3.4 2.455e-05
0.2 -3.3 2.595e-05
0.2 -3.2 2.74e-05
0.2 -3.1 2.89e-05
0.2 -3 3.05e-05
0.2 -2.9 3.21e-05
0.2 -2.8 3.375e-05
0.2 -2.7 3.55e-05
0.2 -2.6 3.725e-05
0.2 -2.5 3.915e-05
0.2 -2.4 4.105e-05
0.2 -2.3 4.305e-05
0.2 -2.2 4.515e-05
0.2 -2.1 4.73e-05
0.2 -2 4.955e-05
0.2 -1.9 5.2e-05
0.2 -1.8 5.45e-05
0.2 -1.7 5.7e-05
0.2 -1.6 5.95e-05
0.2 -1.5 6.2e-05
0.2 -1.4 6.5e-05
0.2 -1.3 6.8e-05
0.2 -1.2 7.1e-05
0.2 -1.1 7.4e-05
0.2 -1 7.75e-05
0.2 -0.9 8.1e-05
0.2 -0.8 8.45e-05
0.2 -0.7 8.8e-05
0.2 -0.6 9.15e-05
0.2 -0.5 9.55e-05
0.2 -0.4 9.9e-05
0.2 -0.3 0.000103
0.2 -0.2 0.000107
0.2 -0.1 0.000111
0.2 0 0.0001145
0.2 0.1 0.0001185
0.2 0.2 0.0001225
0.2 0.3 0.0001265
0.2 0.4 0.0001305
0.2 0.5 0.0001345
0.2 0.6 0.0001385
0.2 0.7 0.0001425
0.2 0.8 0.000146
0.2 0.9 0.00015
0.2 1 0.000154
0.2 1.1 0.0001575
0.2 1.2 0.0001615
0.2 1.3 0.000165
0.2 1.4 0.0001685
0.2 1.5 0.0001725
0.2 1.6 0.000176
0.2 1.7 0.0001795
0.2 1.8 0.000183
0.2 1.9 0.000187
0.2 2 0.0001905
0.2 2.1 0.000194
0.2 2.2 0.000198
0.2 2.3 0.0002015
0.2 2.4 0.000205
0.2 2.5 0.000209
0.2 2.6 0.000213
0.2 2.7 0.000217
0.2 2.8 0.000221
0.2 2.9 0.000225
0.2 3 0.000229
0.2 3.1 0.000233
0.2 3.2 0.000237
0.2 3.3 0.000241
0.2 3.4 0.000245
0.2 3.5 0.000249
0.2 3.6 0.000255
0.2 3.7 0.0002575
0.2 3.8 0.0002605
0.2 3.9 0.0002635
0.2 4 0.000267
0.2 4.1 0.00027
0.2 4.2 0.000273
0.2 4.3 0.000276
0.2 4.4 0.000279
0.2 4.5 0.000282
0.2 4.6 0.0002845
0.2 4.7 0.000287
0.2 4.8 0.0002895
0.2 4.9 0.0002915
0.2 5 0.000294
0.2 5.1 0.000296
0.2 5.2 0.000298
0.2 5.3 0.0003
0.2 5.4 0.000302
0.2 5.5 0.000304
0.5 -5.5 5.18e-06
0.5 -5.4 5.66e-06
0.5 -5.3 6.2e-06
0.5 -5.2 6.74e-06
0.5 -5.1 7.32e-06
0.5 -5 7.92e-06
0.5 -4.9 8.54e-06
0.5 -4.8 9.2e-06
0.5 -4.7 9.88e-06
0.5 -4.6 1.052e-05
0.5 -4.5 1.13e-05
0.5 -4.4 1.212e-05
0.5 -4.3 1.296e-05
0.5 -4.2 1.384e-05
0.5 -4.1 1.478e-05
0.5 -4 1.574e-05
0.5 -3.9 1.676e-05
0.5 -3.8 1.784e-05
0.5 -3.7 1.896e-05
0.5 -3.6 2.02e-05
0.5 -3.5 2.14e-05
0.5 -3.4 2.26e-05
0.5 -3.3 2.4e-05
0.5 -3.2 2.52e-05
0.5 -3.1 2.66e-05
0.5 -3 2.82e-05
0.5 -2.9 2.96e-05
0.5 -2.8 3.12e-05
0.5 -2.7 3.3e-05
0.5 -2.6 3.46e-05
0.5 -2.5 3.64e-05
0.5 -2.4 3.82e-05
0.5 -2.3 4.02e-05
0.5 -2.2 4.22e-05
0.5 -2.1 4.42e-05
0.5 -2 4.64e-05
0.5 -1.9 4.86e-05
0.5 -1.8 5.1e-05
0.5 -1.7 5.34e-05
0.5 -1.6 5.58e-05
0.5 -1.5 5.86e-05
0.5 -1.4 6.12e-05
0.5 -1.3 6.4e-05
0.5 -1.2 6.7e-05
0.5 -1.1 7e-05
0.5 -1 7.3e-05
0.5 -0.9 7.64e-05
0.5 -0.8 7.96e-05
0.5 -0.7 8.3e-05
0.5 -0.6 8.66e-05
0.5 -0.5 9e-05
0.5 -0.4 9.36e-05
0.5 -0.3 9.74e-05
0.5 -0.2 0.0001016
0.5 -0.1 0.0001054
0.5 0 0.0001092
0.5 0.1 0.000113
0.5 0.2 0.0001168
0.5 0.3 0.0001206
0.5 0.4 0.0001244
0.5 0.5 0.0001282
0.5 0.6 0.000132
0.5 0.7 0.0001356
0.5 0.8 0.0001394
0.5 0.9 0.0001432
0.5 1 0.0001468
0.5 1.1 0.0001504
0.5 1.2 0.000154
0.5 1.3 0.0001576
0.5 1.4 0.0001612
0.5 1.5 0.0001648
0.5 1.6 0.0001684
0.5 1.7 0.000172
0.5 1.8 0.0001756
0.5 1.9 0.000179
0.5 2 0.0001826
0.5 2.1 0.0001862
0.5 2.2 0.0001896
0.5 2.3 0.0001932
0.5 2.4 0.000197
0.5 2.5 0.0002
0.5 2.6 0.000204
0.5 2.7 0.000208
0.5 2.8 0.000212
0.5 2.9 0.000216
0.5 3 0.00022
0.5 3.1 0.000224
0.5 3.2 0.000228
0.5 3.3 0.000234
0.5 3.4 0.000238
0.5 3.5 0.000242
0.5 3.6 0.000246
0.5 3.7 0.00025
0.5 3.8 0.000254
0.5 3.9 0.000258
0.5 4 0.000262
0.5 4.1 0.000266
0.5 4.2 0.000268
0.5 4.3 0.000272
0.5 4.4 0.000276
0.5 4.5 0.000278
0.5 4.6 0.00028
0.5 4.7 0.000284
0.5 4.8 0.000286
0.5 4.9 0.000288
0.5 5 0.00029
0.5 5.1 0.000292
0.5 5.2 0.000294
0.5 5.3 0.000296
0.5 5.4 0.000298
0.5 5.5 0.0003
1 -5.5 4.11e-06
1 -5.4 4.53e-06
1 -5.3 4.99e-06
1 -5.2 5.46e-06
1 -5.1 5.95e-06
1 -5 6.47e-06
1 -4.9 7.01e-06
1 -4.8 7.58e-06
1 -4.7 8.17e-06
1 -4.6 8.8e-06
1 -4.5 9.47e-06
1 -4.4 1.02e-05
1 -4.3 1.09e-05
1 -4.2 1.17e-05
1 -4.1 1.25e-05
1 -4 1.33e-05
1 -3.9 1.42e-05
1 -3.8 1.52e-05
1 -3.7 1.62e-05
1 -3.6 1.72e-05
1 -3.5 1.83e-05
1 -3.4 1.94e-05
1 -3.3 2.05e-05
1 -3.2 2.18e-05
1 -3.1 2.3e-05
1 -3 2.44e-05
1 -2.9 2.57e-05
1 -2.8 2.72e-05
1 -2.7 2.86e-05
1 -2.6 3.02e-05
1 -2.5 3.18e-05
1 -2.4 3.35e-05
1 -2.3 3.52e-05
1 -2.2 3.7e-05
1 -2.1 3.89e-05
1 -2 4.08e-05
1 -1.9 4.29e-05
1 -1.8 4.5e-05
1 -1.7 4.71e-05
1 -1.6 4.94e-05
1 -1.5 5.19e-05
1 -1.4 5.45e-05
1 -1.3 5.71e-05
1 -1.2 5.97e-05
1 -1.1 6.24e-05
1 -1 6.52e-05
1 -0.9 6.81e-05
1 -0.8 7.11e-05
1 -0.7 7.42e-05
1 -0.6 7.74e-05
1 -0.5 8.07e-05
1 -0.4 8.4e-05
1 -0.3 8.74e-05
1 -0.2 9.09e-05
1 -0.1 9.44e-05
1 0 9.8e-05
1 0.1 0.000102
1 0.2 0.000105
1 0.3 0.000109
1 0.4 0.000113
1 0.5 0.000116
1 0.6 0.00012
1 0.7 0.000124
1 0.8 0.000127
1 0.9 0.000131
1 1 0.000135
1 1.1 0.000138
1 1.2 0.000142
1 1.3 0.000146
1 1.4 0.000149
1 1.5 0.000153
1 1.6 0.000156
1 1.7 0.00016
1 1.8 0.000163
1 1.9 0.000167
1 2 0.00017
1 2.1 0.000174
1 2.2 0.000177
1 2.3 0.000181
1 2.4 0.000184
1 2.5 0.000188
1 2.6 0.000191
1 2.7 0.000195
1 2.8 0.000199
1 2.9 0.000203
1 3 0.000207
1 3.1 0.000211
1 3.2 0.000215
1 3.3 0.000219
1 3.4 0.000223
1 3.5 0.000228
1 3.6 0.000232
1 3.7 0.000236
1 3.8 0.000241
1 3.9 0.000245
1 4 0.00025
1 4.1 0.000254
1 4.2 0.000258
1 4.3 0.000261
1 4.4 0.000265
1 4.5 0.000269
1 4.6 0.000272
1 4.7 0.000275
1 4.8 0.000278
1 4.9 0.000281
1 5 0.000283
1 5.1 0.000286
1 5.2 0.000288
1 5.3 0.00029
1 5.4 0.000292
1 5.5 0.000294
