0.1 5.5 0.000304
0.1 5.4 0.000304
0.1 5.3 0.000303
0.1 5.2 0.000302
0.1 5.1 0.000301
0.1 5 0.000299
0.1 4.9 0.000298
0.1 4.8 0.000297
0.1 4.7 0.000295
0.1 4.6 0.000294
0.1 4.5 0.000293
0.1 4.4 0.000291
0.1 4.3 0.00029
0.1 4.2 0.000288
0.1 4.1 0.000287
0.1 4 0.000285
0.1 3.9 0.000283
0.1 3.8 0.000282
0.1 3.7 0.00028
0.1 3.6 0.000279
0.1 3.5 0.000277
0.1 3.4 0.000275
0.1 3.3 0.000273
0.1 3.2 0.000272
0.1 3.1 0.00027
0.1 3 0.000268
0.1 2.9 0.000266
0.1 2.8 0.000264
0.1 2.7 0.000262
0.1 2.6 0.00026
0.1 2.5 0.000258
0.1 2.4 0.000256
0.1 2.3 0.000254
0.1 2.2 0.000252
0.1 2.1 0.00025
0.1 2 0.000248
0.1 1.9 0.000245
0.1 1.8 0.000243
0.1 1.7 0.000241
0.1 1.6 0.000238
0.1 1.5 0.000236
0.1 1.4 0.000233
0.1 1.3 0.000231
0.1 1.2 0.000228
0.1 1.1 0.000225
0.1 1 0.000222
0.1 0.9 0.00022
0.1 0.8 0.000217
0.1 0.7 0.000214
0.1 0.6 0.000211
0.1 0.5 0.000207
0.1 0.4 0.000204
0.1 0.3 0.000201
0.1 0.2 0.000198
0.1 0.1 0.000194
0.1 0 0.000191
0.1 -0.1 0.000187
0.1 -0.2 0.000183
0.1 -0.3 0.00018
0.1 -0.4 0.000176
0.1 -0.5 0.000172
0.1 -0.6 0.000168
0.1 -0.7 0.000164
0.1 -0.8 0.00016
0.1 -0.9 0.000156
0.1 -1 0.000152
0.1 -1.1 0.000148
0.1 -1.2 0.000144
0.1 -1.3 0.00014
0.1 -1.4 0.000136
0.1 -1.5 0.000132
0.1 -1.6 0.000128
0.1 -1.7 0.000124
0.1 -1.8 0.00012
0.1 -1.9 0.000116
0.1 -2 0.000112
0.1 -2.1 0.000108
0.1 -2.2 0.000104
0.1 -2.3 9.92e-05
0.1 -2.4 9.47e-05
0.1 -2.5 9.01e-05
0.1 -2.6 8.53e-05
0.1 -2.7 8.03e-05
0.1 -2.8 7.54e-05
0.1 -2.9 7.03e-05
0.1 -3 6.53e-05
0.1 -3.1 6.05e-05
0.1 -3.2 5.59e-05
0.1 -3.3 5.14e-05
0.1 -3.4 4.72e-05
0.1 -3.5 4.33e-05
0.1 -3.6 3.66e-05
0.1 -3.7 3.42e-05
0.1 -3.8 3.16e-05
0.1 -3.9 2.89e-05
0.1 -4 2.64e-05
0.1 -4.1 2.4e-05
0.1 -4.2 2.19e-05
0.1 -4.3 1.99e-05
0.1 -4.4 1.81e-05
0.1 -4.5 1.64e-05
0.1 -4.6 1.5e-05
0.1 -4.7 1.36e-05
0.1 -4.8 1.24e-05
0.1 -4.9 1.13e-05
0.1 -5 1.03e-05
0.1 -5.1 9.33e-06
0.1 -5.2 8.48e-06
0.1 -5.3 7.69e-06
0.1 -5.4 6.97e-06
0.1 -5.5 6.3e-06
0.2 5.5 0.0003045
0.2 5.4 0.000303
0.2 5.3 0.000302
0.2 5.2 0.000301
0.2 5.1 0.0002995
0.2 5 0.000298
0.2 4.9 0.000297
0.2 4.8 0.0002955
0.2 4.7 0.000294
0.2 4.6 0.0002925
0.2 4.5 0.0002915
0.2 4.4 0.00029
0.2 4.3 0.0002885
0.2 4.2 0.000287
0.2 4.1 0.0002855
0.2 4 0.0002835
0.2 3.9 0.000282
0.2 3.8 0.0002805
0.2 3.7 0.000279
0.2 3.6 0.000277
0.2 3.5 0.0002755
0.2 3.4 0.000274
0.2 3.3 0.000272
0.2 3.2 0.0002705
0.2 3.1 0.0002685
0.2 3 0.0002665
0.2 2.9 0.000265
0.2 2.8 0.000263
0.2 2.7 0.000261
0.2 2.6 0.000259
0.2 2.5 0.000257
0.2 2.4 0.000255
0.2 2.3 0.000253
0.2 2.2 0.000251
0.2 2.1 0.0002485
0.2 2 0.0002465
0.2 1.9 0.0002445
0.2 1.8 0.000242
0.2 1.7 0.0002395
0.2 1.6 0.0002375
0.2 1.5 0.000235
0.2 1.4 0.0002325
0.2 1.3 0.00023
0.2 1.2 0.000227
0.2 1.1 0.0002245
0.2 1 0.000222
0.2 0.9 0.000219
0.2 0.8 0.000216
0.2 0.7 0.0002135
0.2 0.6 0.0002105
0.2 0.5 0.0002075
0.2 0.4 0.000204
0.2 0.3 0.000201
0.2 0.2 0.000198
0.2 0.1 0.0001945
0.2 0 0.000191
0.2 -0.1 0.000188
0.2 -0.2 0.000184
0.2 -0.3 0.0001805
0.2 -0.4 0.000177
0.2 -0.5 0.000173
0.2 -0.6 0.0001695
0.2 -0.7 0.0001655
0.2 -0.8 0.000162
0.2 -0.9 0.000158
0.2 -1 0.000154
0.2 -1.1 0.0001505
0.2 -1.2 0.0001465
0.2 -1.3 0.0001425
0.2 -1.4 0.0001385
0.2 -1.5 0.0001345
0.2 -1.6 0.000131
0.2 -1.7 0.000127
0.2 -1.8 0.000123
0.2 -1.9 0.0001195
0.2 -2 0.0001155
0.2 -2.1 0.0001115
0.2 -2.2 0.0001075
0.2 -2.3 0.0001035
0.2 -2.4 9.95e-05
0.2 -2.5 9.5e-05
0.2 -2.6 9.05e-05
0.2 -2.7 8.55e-05
0.2 -2.8 8e-05
0.2 -2.9 7.5e-05
0.2 -3 6.95e-05
0.2 -3.1 6.4e-05
0.2 -3.2 5.85e-05
0.2 -3.3 5.3e-05
0.2 -3.4 4.835e-05
0.2 -3.5 4.37e-05
0.2 -3.6 3.95e-05
0.2 -3.7 3.555e-05
0.2 -3.8 3.2e-05
0.2 -3.9 2.875e-05
0.2 -4 2.59e-05
0.2 -4.1 2.34e-05
0.2 -4.2 2.115e-05
0.2 -4.3 1.81e-05
0.2 -4.4 1.67e-05
0.2 -4.5 1.53e-05
0.2 -4.6 1.405e-05
0.2 -4.7 1.285e-05
0.2 -4.8 1.175e-05
0.2 -4.9 1.07e-05
0.2 -5 9.75e-06
0.2 -5.1 8.9e-06
0.2 -5.2 8.1e-06
0.2 -5.3 7.35e-06
0.2 -5.4 6.7e-06
0.2 -5.5 6.1e-06
0.5 5.5 0.0003
0.5 5.4 0.0003
0.5 5.3 0.000298
0.5 5.2 0.000298
0.5 5.1 0.000296
0.5 5 0.000294
0.5 4.9 0.000294
0.5 4.8 0.000292
0.5 4.7 0.00029
0.5 4.6 0.00029
0.5 4.5 0.000288
0.5 4.4 0.000286
0.5 4.3 0.000284
0.5 4.2 0.000284
0.5 4.1 0.000282
0.5 4 0.00028
0.5 3.9 0.000278
0.5 3.8 0.000276
0.5 3.7 0.000276
0.5 3.6 0.000274
0.5 3.5 0.000272
0.5 3.4 0.00027
0.5 3.3 0.000268
0.5 3.2 0.000266
0.5 3.1 0.000264
0.5 3 0.000262
0.5 2.9 0.00026
0.5 2.8 0.000258
0.5 2.7 0.000256
0.5 2.6 0.000254
0.5 2.5 0.000252
0.5 2.4 0.00025
0.5 2.3 0.000248
0.5 2.2 0.000246
0.5 2.1 0.000244
0.5 2 0.000242
0.5 1.9 0.00024
0.5 1.8 0.000238
0.5 1.7 0.000236
0.5 1.6 0.000232
0.5 1.5 0.00023
0.5 1.4 0.000228
0.5 1.3 0.000226
0.5 1.2 0.000222
0.5 1.1 0.00022
0.5 1 0.000218
0.5 0.9 0.000214
0.5 0.8 0.000212
0.5 0.7 0.000208
0.5 0.6 0.000206
0.5 0.5 0.000202
0.5 0.4 0.0001994
0.5 0.3 0.0001962
0.5 0.2 0.0001928
0.5 0.1 0.0001894
0.5 0 0.000186
0.5 -0.1 0.0001824
0.5 -0.2 0.000179
0.5 -0.3 0.0001752
0.5 -0.4 0.0001716
0.5 -0.5 0.0001678
0.5 -0.6 0.000164
0.5 -0.7 0.0001602
0.5 -0.8 0.0001564
0.5 -0.9 0.0001526
0.5 -1 0.0001488
0.5 -1.1 0.000145
0.5 -1.2 0.0001412
0.5 -1.3 0.0001374
0.5 -1.4 0.0001336
0.5 -1.5 0.0001296
0.5 -1.6 0.0001258
0.5 -1.7 0.000122
0.5 -1.8 0.0001182
0.5 -1.9 0.0001144
0.5 -2 0.0001104
0.5 -2.1 0.0001066
0.5 -2.2 0.0001024
0.5 -2.3 9.82e-05
0.5 -2.4 9.36e-05
0.5 -2.5 8.9e-05
0.5 -2.6 8.4e-05
0.5 -2.7 7.48e-05
0.5 -2.8 7.1e-05
0.5 -2.9 6.66e-05
0.5 -3 6.18e-05
0.5 -3.1 5.68e-05
0.5 -3.2 5.16e-05
0.5 -3.3 4.68e-05
0.5 -3.4 4.2e-05
0.5 -3.5 3.78e-05
0.5 -3.6 3.38e-05
0.5 -3.7 3.04e-05
0.5 -3.8 2.74e-05
0.5 -3.9 2.46e-05
0.5 -4 2.22e-05
0.5 -4.1 2e-05
0.5 -4.2 1.808e-05
0.5 -4.3 1.64e-05
0.5 -4.4 1.49e-05
0.5 -4.5 1.354e-05
0.5 -4.6 1.232e-05
0.5 -4.7 1.12e-05
0.5 -4.8 1.02e-05
0.5 -4.9 9.28e-06
0.5 -5 8.44e-06
0.5 -5.1 7.48e-06
0.5 -5.2 6.82e-06
0.5 -5.3 6.2e-06
0.5 -5.4 5.64e-06
0.5 -5.5 5.12e-06
1 5.5 0.000295
1 5.4 0.000293
1 5.3 0.000292
1 5.2 0.000291
1 5.1 0.000289
1 5 0.000288
1 4.9 0.000286
1 4.8 0.000285
1 4.7 0.000284
1 4.6 0.000282
1 4.5 0.000281
1 4.4 0.000279
1 4.3 0.000278
1 4.2 0.000276
1 4.1 0.000274
1 4 0.000273
1 3.9 0.000271
1 3.8 0.000269
1 3.7 0.000268
1 3.6 0.000266
1 3.5 0.000264
1 3.4 0.000263
1 3.3 0.000261
1 3.2 0.000259
1 3.1 0.000257
1 3 0.000255
1 2.9 0.000253
1 2.8 0.000251
1 2.7 0.000249
1 2.6 0.000247
1 2.5 0.000245
1 2.4 0.000243
1 2.3 0.000241
1 2.2 0.000238
1 2.1 0.000236
1 2 0.000234
1 1.9 0.000232
1 1.8 0.000229
1 1.7 0.000227
1 1.6 0.000224
1 1.5 0.000222
1 1.4 0.000219
1 1.3 0.000216
1 1.2 0.000214
1 1.1 0.000211
1 1 0.000208
1 0.9 0.000205
1 0.8 0.000202
1 0.7 0.000199
1 0.6 0.000196
1 0.5 0.000192
1 0.4 0.000189
1 0.3 0.000186
1 0.2 0.000182
1 0.1 0.000179
1 0 0.000175
1 -0.1 0.000172
1 -0.2 0.000168
1 -0.3 0.000165
1 -0.4 0.000161
1 -0.5 0.000157
1 -0.6 0.000153
1 -0.7 0.00015
1 -0.8 0.000146
1 -0.9 0.000142
1 -1 0.000138
1 -1.1 0.000134
1 -1.2 0.000131
1 -1.3 0.000127
1 -1.4 0.000123
1 -1.5 0.000119
1 -1.6 0.000115
1 -1.7 0.000111
1 -1.8 0.000107
1 -1.9 0.000103
1 -2 9.88e-05
1 -2.1 9.43e-05
1 -2.2 8.97e-05
1 -2.3 8.49e-05
1 -2.4 7.99e-05
1 -2.5 7.48e-05
1 -2.6 6.97e-05
1 -2.7 6.46e-05
1 -2.8 5.94e-05
1 -2.9 5.43e-05
1 -3 4.94e-05
1 -3.1 4.47e-05
1 -3.2 4.03e-05
1 -3.3 3.33e-05
1 -3.4 3.1e-05
1 -3.5 2.85e-05
1 -3.6 2.6e-05
1 -3.7 2.36e-05
1 -3.8 2.13e-05
1 -3.9 1.93e-05
1 -4 1.75e-05
1 -4.1 1.59e-05
1 -4.2 1.44e-05
1 -4.3 1.31e-05
1 -4.4 1.19e-05
1 -4.5 1.08e-05
1 -4.6 9.82e-06
1 -4.7 8.93e-06
1 -4.8 8.11e-06
1 -4.9 7.36e-06
1 -5 6.68e-06
1 -5.1 6.05e-06
1 -5.2 5.48e-06
1 -5.3 4.95e-06
1 -5.4 4.47e-06
1 -5.5 4.04e-06
